[-0.65789474 -0.65789474  0.97565987  1.        ]
[ 0.65789474 -0.65789474  0.97565987  1.        ]
[0.65789474 0.65789474 0.97565987 1.        ]
[0.65789474 0.65789474 0.97565987 1.        ]
[-0.65789474  0.65789474  0.97565987  1.        ]
[-0.65789474 -0.65789474  0.97565987  1.        ]
[-0.625      -0.625       0.97697698  1.        ]
[ 0.625      -0.625       0.97697698  1.        ]
[0.625      0.625      0.97697698 1.        ]
[0.625      0.625      0.97697698 1.        ]
[-0.625       0.625       0.97697698  1.        ]
[-0.625      -0.625       0.97697698  1.        ]
[-0.625       0.625       0.97697698  1.        ]
[-0.65789474  0.65789474  0.97565987  1.        ]
[-0.65789474 -0.65789474  0.97565987  1.        ]
[-0.65789474 -0.65789474  0.97565987  1.        ]
[-0.625      -0.625       0.97697698  1.        ]
[-0.625       0.625       0.97697698  1.        ]
[0.625      0.625      0.97697698 1.        ]
[0.65789474 0.65789474 0.97565987 1.        ]
[ 0.65789474 -0.65789474  0.97565987  1.        ]
[ 0.65789474 -0.65789474  0.97565987  1.        ]
[ 0.625      -0.625       0.97697698  1.        ]
[0.625      0.625      0.97697698 1.        ]
[-0.65789474 -0.65789474  0.97565987  1.        ]
[ 0.65789474 -0.65789474  0.97565987  1.        ]
[ 0.625      -0.625       0.97697698  1.        ]
[ 0.625      -0.625       0.97697698  1.        ]
[-0.625      -0.625       0.97697698  1.        ]
[-0.65789474 -0.65789474  0.97565987  1.        ]
[-0.65789474  0.65789474  0.97565987  1.        ]
[0.65789474 0.65789474 0.97565987 1.        ]
[0.625      0.625      0.97697698 1.        ]
[0.625      0.625      0.97697698 1.        ]
[-0.625       0.625       0.97697698  1.        ]
[-0.65789474  0.65789474  0.97565987  1.        ]
